test/test_cases/case_05_perlin_100x100/input.asc
ncols        100
nrows        100
xllcorner    0
yllcorner    0
cellsize     1
NODATA_value -9999
[rows 0 to 25 of 100, columns 0 to 59 of 100]
-9999 -9999 -9999 -9999 -9999 -9999 -9999 -9999 -9999 -9999 -9999 -9999 -9999 -9999 -9999 -9999 -9999 -9999 -9999 -9999 -9999 -9999 -9999 -9999 -9999 -9999 -9999 -9999 -9999 -9999 -9999 -9999 -9999 -9999 -9999 -9999 -9999 -9999 -9999 -9999 -9999 -9999 -9999 -9999 -9999 -9999 -9999 -9999 -9999 -9999 -9999 -9999 -9999 -9999 -9999 -9999 -9999 -9999 -9999 -9999
-9999 15.667882 17.134484 17.328168 19.279289 21.314255 22.776719 23.712965 23.557903 23.481512 22.253653 21.039741 20.484860 19.572188 19.095957 17.077716 16.447423 16.591583 16.437166 15.601791 15.067700 14.549881 14.466095 14.801576 13.328241 12.480867 12.789705 13.871136 13.243986 13.044499 14.577387 13.808116 13.429449 13.975672 15.764593 17.276731 18.303367 19.021034 20.051146 22.455770 23.878950 25.312896 27.280614 27.802463 28.594896 28.267922 26.573051 26.306408 25.998864 26.510582 26.347193 27.236944 28.011722 28.289237 29.383864 29.819564 30.790751 30.597731 30.362289 31.345551
-9999 18.550024 18.356587 18.172664 19.682310 21.292589 22.776710 23.830682 24.129880 23.976580 22.493950 21.709186 21.690839 21.330184 19.880302 18.421449 17.514546 16.486237 16.505079 14.000231 13.743782 13.228425 13.958145 13.576849 12.194259 12.426752 11.487978 12.982426 14.913228 15.038631 15.492426 15.359436 14.572632 13.585599 14.328920 16.528317 18.722823 19.170528 20.121932 22.501303 23.909800 24.185092 25.960928 26.840004 27.330858 26.928538 26.547968 25.913257 25.029764 25.096155 26.038906 26.277594 27.101509 27.222348 28.628755 29.534872 30.220152 29.540551 29.477767 31.097326
-9999 19.852539 19.943235 19.590227 20.234186 21.764178 22.977287 24.188367 24.548931 24.519378 24.021947 23.147092 22.511274 21.574769 21.055067 20.342113 19.308514 17.524627 15.675000 14.173463 11.869855 11.526742 12.517550 13.344746 12.522706 12.822974 12.380239 12.976607 14.699858 15.836623 14.411042 14.369139 14.351195 12.819925 13.475544 15.987973 18.388920 18.901076 19.827552 21.373526 23.122866 23.896451 24.116585 23.793011 24.544192 25.183321 25.067413 25.288671 24.312407 23.816413 24.837989 25.560732 25.991779 26.370000 28.210108 29.858549 29.795341 28.713801 28.373043 29.745722
-9999 21.554926 21.485093 21.350318 22.106964 22.314823 23.368694 24.459327 25.004116 25.008578 24.200110 22.580531 21.640385 21.324774 21.556351 21.123427 19.160787 16.917907 15.721981 13.381579 10.681522 9.984306 10.150806 11.221086 11.715117 12.116299 12.427353 13.102588 14.145974 15.376625 14.329690 13.713631 12.828602 12.098456 13.553840 15.229129 16.673771 18.129844 18.667902 18.994861 21.353966 22.382970 22.570213 21.912354 22.610299 23.944588 24.026878 24.933721 23.968981 24.344429 24.626425 25.284763 26.681129 26.579332 27.728263 28.338907 28.074184 26.616676 27.308257 28.020191
-9999 22.638671 21.810464 22.253559 23.165062 23.626888 24.387815 25.377766 25.916532 25.597895 24.225648 22.437494 21.673313 21.138761 21.685061 21.011897 18.342109 16.319316 15.871537 12.526497 10.439992 10.258026 9.703514 9.026601 9.322816 11.264585 13.030550 12.370779 12.849607 14.529138 14.412704 13.458990 12.496885 11.968635 13.119002 13.722428 15.836123 16.587083 17.811045 18.466900 19.407746 20.429477 21.127674 21.904478 22.120476 23.137092 23.311046 23.331712 23.782323 24.625593 24.514833 25.234040 26.178681 27.051347 27.008440 27.745680 28.309507 26.913368 25.489915 26.938923
-9999 23.629904 23.275078 23.336169 24.868472 24.848898 25.410994 25.627724 26.034269 25.002734 23.335935 21.628689 21.517002 21.390705 20.230375 19.061899 18.363527 16.596005 15.273230 12.534403 11.595389 11.393500 9.335100 8.562759 9.000592 9.840403 11.434888 11.992855 13.336781 14.088610 13.751367 12.052495 11.550753 11.867416 12.676299 13.384682 15.049491 16.177576 17.560940 18.400891 19.437404 20.925438 21.788598 21.973757 21.699780 21.663198 22.235924 22.603977 23.990568 24.091953 24.069614 24.567085 24.714604 26.152561 26.957996 27.040701 26.457265 26.000144 24.912147 25.802264
-9999 25.247605 24.377298 24.658109 25.949298 26.338471 26.368232 25.799110 24.975557 23.636582 22.541851 21.003148 20.217590 19.895271 19.389196 18.342685 17.860374 15.585683 14.532834 11.574277 11.091193 10.869895 9.418460 8.979253 8.919596 9.662686 10.146995 11.613840 13.868827 14.164357 13.522061 13.243848 11.740469 11.645379 12.555584 14.137200 16.124980 18.215862 19.554483 20.290380 20.882818 21.195522 20.947699 21.022371 21.429094 22.173806 22.097774 22.594322 23.466494 24.676232 23.911910 25.346726 25.210863 25.639774 25.890897 26.724176 26.898086 26.191576 26.029819 27.537741
-9999 26.754367 26.137838 27.164156 27.112622 26.905116 26.519451 25.318573 24.905907 23.509461 21.697884 20.825137 18.627016 17.997733 17.694376 17.236205 16.557298 15.069923 13.848791 11.979542 11.343131 11.037118 9.571273 9.022322 9.549558 11.253283 10.985706 11.627319 14.299528 14.954224 13.909131 13.440520 11.369107 11.633715 12.864911 15.599997 17.697512 18.925157 20.511131 20.939886 21.211698 20.834394 20.250272 20.297701 21.117967 21.277221 21.308661 21.733786 22.972578 25.246133 25.368229 25.576464 25.827639 26.308260 26.430179 26.490169 26.905406 27.048919 28.536810 27.961876
-9999 29.188348 28.308995 28.621090 28.241643 28.392110 27.930230 26.095359 25.269360 24.807879 22.084717 19.985027 18.228213 16.556679 16.957553 16.585256 15.389563 14.664788 13.920945 12.557701 13.029065 10.941037 9.338562 10.032071 12.027701 13.101123 12.224926 13.518398 15.021866 15.535628 15.406139 14.006172 11.769861 11.742472 13.432885 15.623773 17.571263 19.281286 20.246258 20.359523 20.798101 20.089865 19.902783 19.919291 19.763125 18.986668 20.253093 21.530438 22.128406 24.551649 25.582865 24.778732 24.656626 25.409419 25.442977 26.429072 26.570674 27.397822 29.499439 29.589065
-9999 29.181883 29.749398 29.875352 29.597600 30.634719 30.099905 28.249796 26.189121 24.988931 22.751322 20.294221 18.149663 16.271928 16.234856 15.527859 15.193208 13.297793 13.108845 12.510155 12.783071 11.761133 11.421222 12.469431 13.693239 13.522431 14.203700 14.875752 14.750783 16.253312 17.239191 15.238323 13.820825 12.802648 14.706909 16.674858 17.249103 18.390815 18.417115 20.024038 19.479731 19.253337 19.151539 18.507166 18.813731 19.442388 20.288153 21.533344 22.024384 23.225585 24.805308 24.583784 24.073667 24.704654 25.029549 25.772285 27.361354 28.732637 29.962417 31.698809
-9999 29.826653 30.157016 31.824342 31.996627 31.858752 31.055018 29.363764 26.305387 25.280475 23.784101 21.459840 19.258288 17.159305 16.214428 15.707170 15.133355 13.859770 14.244636 13.815165 14.280676 14.316746 13.506078 13.778370 13.965948 14.591935 14.949234 16.171283 17.024737 17.241953 17.532208 16.311025 15.552723 14.499443 15.206474 16.100991 17.275689 17.585775 18.309873 17.880377 17.704237 17.529369 17.445900 16.715917 17.681610 18.966999 20.106509 21.651589 22.849916 23.556222 23.167006 23.072493 23.313194 23.743865 24.801546 25.822301 28.387110 29.944066 31.761066 33.072419
-9999 30.325903 30.943362 32.009327 32.162906 32.150888 29.403870 27.386582 25.002496 24.741696 23.030717 21.115060 19.033540 17.194023 16.438983 15.895597 15.213866 15.325451 15.219847 14.578755 14.868694 14.263176 15.176703 14.836151 14.054983 14.854409 16.058327 17.433646 17.765239 17.574551 17.498156 16.820694 16.724908 16.400099 15.714993 16.088636 17.041450 17.073900 16.696954 15.970867 16.750180 16.274945 16.173526 15.203971 16.184747 18.448185 20.271665 22.084045 22.843224 23.406808 22.405714 21.982776 22.077076 22.817487 24.781504 27.655987 30.736161 31.302901 32.836012 34.192310
-9999 29.207654 31.471809 31.738755 31.950928 31.771966 28.306115 25.949109 24.398281 23.508090 23.031301 21.959334 19.772672 18.161062 17.292966 17.408319 16.999172 16.523506 15.989751 14.971935 14.795279 15.162968 14.582161 14.825737 13.282423 14.470963 15.361084 16.929183 17.205496 16.093663 16.362100 16.759312 17.313348 17.230164 15.973387 15.998997 17.012591 17.516985 17.265823 16.653055 15.759641 14.991109 14.884161 14.170684 15.578884 16.587734 18.297082 20.265071 22.285968 22.770483 21.929144 22.123546 22.221296 23.395028 25.217565 28.177150 30.762468 31.678903 32.844972 34.607887
-9999 28.910797 29.878821 30.681941 31.241495 30.625620 28.482823 26.517090 25.078900 24.080705 23.980179 22.623549 20.406868 19.361279 17.481822 18.189639 19.165548 17.438715 16.838142 15.025441 15.415265 15.765257 14.707364 14.936330 14.108248 13.887731 15.015406 16.239676 16.192644 16.403991 17.258227 17.684985 18.427869 17.344445 16.273235 16.914778 17.642812 18.331582 18.349752 16.707517 15.611959 14.222383 13.430288 14.407174 14.398129 15.864279 17.031954 19.160930 21.582850 21.150487 21.725113 21.617496 22.542769 24.329985 26.230972 27.593686 29.862184 31.458750 33.769965 34.867281
-9999 27.849390 28.476180 28.598026 28.781123 29.407992 28.453819 26.975253 26.033551 24.698702 23.677440 22.434398 20.459482 18.915688 17.672891 19.232711 18.970306 19.260401 18.864561 16.661542 15.372414 14.759836 14.514507 15.835119 15.063521 14.179864 15.909443 16.849514 16.454105 17.501728 17.802057 18.346557 19.131280 18.668186 18.372062 18.764136 18.807806 18.424456 17.718021 16.285776 15.235290 14.133950 13.403458 13.848625 13.935733 14.761216 16.111701 16.806760 18.399352 19.389351 20.825820 21.085528 22.279721 24.194562 26.300453 27.731463 29.099316 31.764760 32.648384 33.006187
-9999 27.560343 26.190911 25.727224 26.979235 28.716728 28.332510 27.333752 27.518853 26.000953 23.799577 22.496747 20.720078 21.046205 20.981279 21.322631 21.282164 21.200003 19.751043 16.567339 14.834390 13.605922 13.409533 15.429256 15.134347 14.555310 15.834444 15.681783 15.986529 17.169976 18.317053 19.696788 19.341015 19.132782 18.606020 18.779454 18.724303 17.825381 16.768706 16.004436 15.186324 14.560541 14.241528 13.538623 12.513996 12.430724 14.984816 15.321550 16.441560 17.833652 18.926386 20.112050 21.894627 23.993098 25.619883 27.364072 29.885999 30.807939 30.494980 31.081005
-9999 27.845913 25.626911 24.688626 24.651352 26.382888 27.665093 27.222489 28.557906 27.841798 25.351828 23.081734 22.410269 22.870127 23.097469 21.878831 21.738034 21.731603 20.039048 16.309994 13.423305 11.404724 11.266293 12.645706 13.295301 14.263334 15.262787 15.483659 15.544992 16.808709 17.140662 18.162578 17.820055 17.787465 18.074327 18.339519 18.428488 18.092222 16.104939 15.042606 14.900025 14.708079 14.106035 12.177872 10.962010 11.938336 14.122244 15.113005 16.072368 17.662728 18.481267 19.229311 21.139430 22.698230 24.294808 25.795557 28.650903 29.416539 29.933806 30.417182
-9999 27.969846 25.195134 23.984720 24.608968 25.671305 26.764474 27.279124 28.106098 27.607967 25.636059 23.834222 23.684647 23.423577 22.993792 23.005602 22.095400 20.608501 18.539797 16.613041 13.567838 10.830588 10.273666 11.302260 11.497044 12.859979 14.557919 15.202036 14.823535 15.962144 16.391409 17.009289 16.574634 16.504994 16.814845 17.923086 18.564714 18.394098 16.919384 14.878304 14.413279 12.911863 11.466204 10.217315 9.981058 11.413456 13.601606 14.574011 15.646751 18.250087 18.806357 19.637278 21.549489 22.674967 23.429696 24.465623 27.121798 30.161390 30.523887 30.934920
-9999 27.679575 26.749681 25.399989 24.625517 25.405627 26.569676 27.509634 28.723456 28.059784 26.731028 25.092281 24.364621 23.893371 22.687940 21.302307 22.209743 20.485499 18.499194 16.856045 13.471535 10.983719 9.986187 10.772193 11.649718 13.028518 14.395194 14.158549 13.694689 14.650325 15.808298 16.166222 15.134700 14.844939 15.049088 16.379253 18.368360 18.114125 16.831314 15.805437 13.852071 11.582752 10.214914 9.999001 9.726517 10.868142 13.591769 14.171420 15.267482 17.289108 18.522949 20.519010 21.649373 21.992687 23.270666 24.700465 27.356205 30.213816 30.361428 32.199187
-9999 28.712408 27.781521 26.069505 25.262871 25.256436 25.943381 27.507918 29.118366 29.994279 28.040919 26.308542 25.220462 24.355267 22.690735 20.273284 20.434218 19.978344 18.193598 15.701685 12.479337 11.492930 10.841427 10.937221 12.243645 13.324987 13.398397 13.406276 13.469655 13.817591 14.416084 15.430283 14.530774 13.802870 14.805919 16.227330 17.545666 16.997619 17.092454 15.898145 13.409508 11.084664 10.844926 11.229589 10.749691 10.908520 12.740283 13.431817 14.700837 16.544274 18.869086 20.576062 21.123184 22.920058 23.396058 24.487169 27.652035 30.469173 31.788212 32.922464
-9999 28.935186 27.587943 25.721824 24.665972 25.263857 26.977450 27.604389 29.196432 29.582821 28.513632 26.183431 25.317666 24.368648 23.725858 22.799237 21.553098 20.505177 17.176246 14.297992 10.730055 10.158540 10.851229 10.419989 11.099897 11.626216 11.931235 13.522119 13.811203 13.689340 13.608942 13.598551 14.556216 14.604641 15.392024 16.842035 17.135468 15.982226 15.849921 14.553117 13.235518 11.657999 11.071976 11.130397 11.036753 10.832440 12.853462 13.672571 14.533322 15.463085 18.504377 21.150730 22.320535 23.446434 23.478648 24.494490 28.953159 32.013094 32.925792 33.386782
-9999 28.258275 27.898418 26.320950 24.951360 25.665487 27.501680 27.775623 28.311368 29.007821 28.588761 26.962519 26.140867 25.133495 24.325896 22.157001 21.852469 20.614142 16.874097 13.780061 11.943830 10.949189 11.086992 10.968672 11.438410 11.510650 11.067460 11.835553 12.046029 12.881263 13.648446 13.565360 14.866095 15.290385 15.517386 15.885360 15.175931 15.462371 14.572504 14.040910 13.288130 12.549264 11.214248 11.443093 12.492920 12.991303 13.584773 13.585471 14.830655 15.669432 19.086596 22.707635 22.875343 24.019392 25.070717 26.349544 29.153203 33.026968 35.070409 34.868458
-9999 29.432791 28.770612 27.941818 26.578561 27.039404 27.518535 27.706769 28.059962 28.618989 28.313805 26.854494 26.562369 25.867382 24.820774 23.259275 21.471476 19.587460 16.934759 13.751634 12.226904 11.714394 12.090072 11.200507 11.530152 11.928540 10.559523 10.960186 11.551178 12.303649 12.521282 13.897502 15.326615 16.156068 15.406716 15.265372 14.299300 14.541765 14.125209 14.105371 13.330624 12.903474 12.027875 13.269207 13.843805 13.907405 15.262022 15.161180 15.426117 16.200870 19.242771 21.893039 23.489577 24.608507 25.110627 27.716213 30.928707 33.695716 36.679753 36.414016
-9999 31.242128 30.207276 28.881836 28.043926 27.221152 28.183341 28.576215 28.146906 28.736330 28.413009 26.700505 26.348293 25.302487 24.715764 23.320837 21.114467 19.731025 17.578462 15.147380 13.062093 11.574122 11.601102 10.777616 10.576832 10.334547 10.884913 11.242076 12.269873 12.594818 11.948679 12.561742 14.208357 16.078322 16.426591 15.842009 14.456547 13.273067 12.821754 13.613387 13.860886 13.977682 13.567486 13.714839 14.862192 15.712225 15.478377 15.776287 16.317901 16.535534 18.074867 20.621671 22.871144 25.111943 26.048794 28.421978 31.583138 34.571217 37.095054 38.182563
-9999 30.980036 31.440049 29.953225 28.070650 27.284280 27.838492 27.782834 27.400477 28.085228 27.501162 26.932687 26.288173 24.508951 24.242832 23.246986 21.565582 19.938012 18.618467 16.299900 14.574499 13.168688 12.030035 10.751014 9.883875 10.061487 10.197569 10.728523 12.268825 12.410383 12.429113 13.802609 14.246203 15.057704 14.936064 14.877903 14.870506 14.249490 12.946899 12.714157 13.871611 14.867762 14.435314 14.624785 16.311104 17.491191 16.086143 16.144960 17.039277 17.436991 18.380725 20.382109 21.679097 24.627410 26.412714 28.909179 32.208831 34.956024 37.748409 39.329829
