test/test_cases/case_05_perlin_100x100/input.asc
ncols        100
nrows        100
xllcorner    0
yllcorner    0
cellsize     1
NODATA_value -9999
[rows 26 to 51 of 100, columns 0 to 59 of 100]
-9999 31.301586 31.027065 30.466586 28.941728 28.157600 28.033127 27.722609 26.711229 26.360336 26.263711 26.467785 26.377079 24.494889 24.289053 24.056518 21.278383 20.052748 20.698591 18.185734 16.211041 13.881871 12.402879 12.289356 10.227889 10.446811 11.363960 11.468239 12.467608 12.205157 14.361168 14.797419 14.782160 14.815445 14.109451 14.195974 14.224398 14.815779 13.455741 13.489496 14.324129 16.597027 15.600176 15.541848 17.110501 18.450437 19.329120 19.395548 19.542974 20.009446 20.973927 21.820096 23.186721 24.941854 27.568721 30.632035 33.312033 35.464019 38.262639 40.562409
-9999 31.671098 31.457875 30.641154 30.700961 29.422648 28.686538 28.191542 27.277015 26.785342 27.333712 27.196699 26.758761 25.321443 24.778517 23.688352 21.853519 21.690224 21.705006 20.782002 19.035775 15.500467 14.149786 13.304879 12.225489 11.853276 12.477605 13.224139 12.331685 13.392628 16.144337 16.035310 16.016826 14.631237 13.970800 12.478749 12.884223 14.219059 14.328037 14.150706 15.044992 17.152980 17.051129 15.943554 17.079246 19.137231 20.817187 22.035961 22.309319 22.610857 23.121157 22.967152 24.661758 26.870887 28.147741 31.124512 34.585170 37.849422 39.206175 40.628945
-9999 31.475570 30.692990 31.035178 30.778858 30.369226 29.031136 28.144072 27.935793 27.215318 27.875099 27.769500 26.828171 24.962310 24.783265 24.595137 23.938714 23.198368 22.752001 22.185374 20.614922 17.969617 15.893440 13.987790 13.644676 12.193411 12.860077 13.359363 11.732877 13.149489 15.167200 15.918674 15.517832 14.560509 12.559154 11.560423 11.216947 12.669636 13.845523 15.035559 15.845560 16.512310 16.937277 15.688297 17.285729 19.895369 21.265043 24.082178 23.922537 23.315674 23.545813 25.735929 26.341363 27.875098 29.461238 32.413914 35.727936 38.457717 40.028265 40.593358
-9999 30.583853 29.774686 30.074783 30.403348 31.247660 30.129938 29.767883 28.159730 28.561059 28.512467 28.382539 27.158528 25.820195 26.573598 26.577474 25.301295 24.173376 23.179034 22.045480 20.538938 18.476698 16.619078 15.954588 15.220899 13.732215 13.955991 13.198322 11.573343 12.707732 14.417889 14.855706 15.113470 14.477802 13.583129 12.528631 11.661859 11.258478 13.274754 14.358120 15.767137 17.724529 16.958069 16.752833 18.929303 20.797251 22.491249 24.089826 24.434106 24.978474 25.648667 27.279405 28.014258 28.854828 31.351870 34.880170 36.532880 38.350304 40.433759 41.149291
-9999 29.956208 28.923737 29.059145 29.509087 29.951804 29.769717 30.070781 29.429252 29.242947 29.447722 28.869874 28.729483 27.784061 27.142370 27.177342 26.379434 25.345315 23.224613 22.041059 20.835756 18.807268 17.338927 16.508854 16.740039 16.782605 15.859795 13.717250 12.697025 13.567505 15.453058 14.278302 14.631660 14.410510 13.992181 13.953479 13.565178 12.738015 13.469037 14.297116 15.753866 17.917209 18.223982 19.345898 20.987772 21.452769 22.866412 23.556992 24.421339 24.976149 26.385218 27.899519 29.764747 31.402134 33.502592 35.607529 37.037952 38.256832 39.255590 39.896858
-9999 29.886570 28.754207 28.123491 28.157542 28.277005 28.038734 29.237259 29.241962 29.707264 30.020142 29.615737 29.497060 28.637018 27.110200 27.094357 27.353441 26.454492 23.821112 21.712470 20.801928 18.896578 18.123446 17.435943 17.789147 17.209431 17.162132 14.968119 14.984375 15.227957 15.163023 14.279947 14.654577 15.171787 15.712016 16.532557 16.178669 14.823874 14.135566 15.683992 16.057471 17.859907 20.049683 21.671045 22.739349 22.608033 22.881317 24.277842 25.102010 26.039486 26.697101 28.733531 30.748851 32.555106 34.866616 36.183404 37.223417 37.171112 38.079278 39.572331
-9999 29.368560 27.943473 28.262261 28.092544 26.761133 26.134939 28.469885 30.055298 29.591419 29.566803 29.554195 29.333845 28.428816 28.550818 27.947339 27.694965 26.684173 24.097751 21.525457 21.105195 19.030036 18.848729 19.228646 19.167453 17.103575 16.369642 16.031094 15.931949 16.463182 16.343851 15.700145 15.370154 16.326170 16.902762 18.306569 19.429436 17.868874 16.569493 17.688730 18.542932 20.206674 21.502728 23.281039 24.039280 23.915732 24.732793 25.704331 26.525458 28.032735 28.700275 30.183337 32.088816 34.032896 36.425691 37.220998 37.148883 36.837824 37.860462 39.299791
-9999 26.256343 25.915252 26.084633 26.198556 25.455123 24.891046 27.096600 28.835124 28.967957 28.772348 28.946080 28.811333 28.319104 28.889662 27.791164 27.798848 26.435353 23.861141 21.681863 21.859641 20.652784 20.198329 20.845979 20.001969 17.960254 17.008928 16.589132 16.567189 16.347622 16.254079 15.574889 15.774469 17.250431 18.038189 19.453641 19.832227 19.782514 19.864832 20.510237 21.634162 22.642859 22.011524 23.544322 25.461869 26.489520 26.483142 26.253591 27.604218 28.840819 31.082569 32.711604 33.942903 35.417393 36.643056 37.342907 37.899499 37.598520 38.739062 39.229993
-9999 22.949204 24.142752 24.062077 24.641552 25.266906 23.801654 25.384840 26.931813 27.851023 28.321930 27.666151 28.051784 28.382199 28.055651 26.914225 27.701674 26.858456 23.730319 22.847828 23.457603 22.743844 21.932440 21.990204 20.571998 19.785909 19.434830 17.832200 17.700175 16.518611 16.149256 16.034384 16.606334 17.877229 18.797171 19.890419 21.233994 21.534613 21.641185 23.392750 24.047172 23.859063 22.593648 23.791775 25.516400 26.759916 27.164172 27.951977 29.504752 30.650934 32.434502 33.870236 35.150182 36.339250 37.830320 38.991783 39.116696 38.841299 39.790990 38.925496
-9999 20.386047 23.217360 23.117650 23.509854 24.055574 24.171436 24.751700 25.591674 25.874284 27.948792 28.579902 29.124216 29.491268 28.851243 28.190783 28.035089 27.141700 25.899959 24.241015 24.044475 23.949389 22.889660 22.274565 20.348031 21.342146 22.542485 19.877084 18.274837 17.614768 17.348482 18.319641 18.452378 18.860806 20.244265 21.996267 22.793190 23.949897 24.870174 25.649137 25.539958 24.274973 23.423181 24.179860 26.118872 27.230721 27.865642 29.778677 31.086308 32.379848 33.886308 35.110734 35.695948 36.792724 38.178308 39.717274 40.600381 39.782652 39.001107 38.129414
-9999 19.601515 20.993645 20.648700 21.456697 22.177285 22.431376 23.205617 24.106813 24.385740 25.901097 27.341845 28.585193 29.169448 29.491641 29.416143 28.636109 27.511323 26.547584 25.281385 24.341057 23.781795 23.426311 21.912963 21.071780 21.455409 21.853804 20.836667 20.472158 20.007357 20.299791 21.337649 21.701804 21.469226 22.287715 23.593215 25.272361 26.069077 26.636972 27.029981 25.399517 23.928380 23.622041 25.531300 26.711636 26.664171 28.532054 30.502215 32.035188 34.021138 35.103760 35.587199 36.028730 36.980714 37.433259 38.571752 40.523241 39.870623 39.588633 38.773825
-9999 18.295965 18.737523 18.725927 20.045534 20.608132 21.836275 22.440715 23.244763 22.989608 23.431570 26.203199 27.412043 26.725243 27.748614 28.645984 28.835194 26.918098 25.669639 25.340581 24.577653 25.375501 24.084977 22.021531 21.425960 21.424876 20.103602 20.509808 21.943211 22.402437 23.212410 22.768058 22.857643 23.102147 24.458350 25.159898 26.970504 27.696306 26.436904 27.230754 25.496001 24.366327 26.105869 28.619302 27.703853 27.922782 29.925716 31.049998 32.258262 35.988154 37.313113 36.738333 37.096220 38.155040 38.189478 39.481897 40.304455 40.333065 39.887143 39.104608
-9999 16.449187 16.788990 17.710829 19.163420 19.621158 21.906366 22.514281 23.099495 22.879869 23.093242 24.528583 25.215634 26.523184 27.259606 28.106249 28.042872 26.468647 26.086691 25.690378 25.859828 24.908381 23.450977 22.570707 22.416920 22.880218 21.245219 21.335001 22.479129 22.668908 22.675155 24.003820 25.091691 25.386372 25.435556 25.458726 25.931608 27.207788 26.980005 25.953125 25.281221 26.236346 28.040836 28.745450 28.758613 28.903993 30.334791 31.822081 34.187641 37.257105 37.981248 37.628652 37.459573 38.711874 39.571090 39.346291 39.055937 39.369157 38.826429 38.991459
-9999 14.013863 15.826190 17.056028 17.932506 19.834490 21.700817 22.200585 23.276862 23.614485 23.369187 23.917777 24.956784 25.944797 26.478778 27.516966 27.523576 26.750370 26.773321 27.585942 25.678137 24.791992 23.590306 24.119098 24.184066 24.352744 22.546632 21.830707 22.129681 22.309760 22.443507 22.565951 23.862759 25.128949 24.980193 25.360064 25.120711 26.562281 26.540581 25.972086 24.921678 26.414139 27.595797 27.634806 28.354783 29.753636 30.735842 33.191519 35.896836 36.515447 37.406968 38.511702 38.114384 39.532665 40.607913 39.539628 38.331051 37.480084 37.851714 38.764070
-9999 13.806231 15.366073 15.922952 16.774748 18.813762 21.435338 23.153144 22.567452 22.673650 23.293907 24.215743 24.961624 26.187897 26.465498 27.072610 27.030003 26.662092 26.291688 27.326985 26.042238 25.382330 25.663901 26.127014 26.239615 24.802043 23.244587 21.565975 21.571936 21.274551 22.140736 21.439964 22.634427 24.439111 24.584167 24.755155 26.175025 26.464766 26.231828 26.230584 25.966578 25.622113 26.791305 28.037089 29.070852 30.110755 30.839377 33.055781 35.482297 37.262765 38.457117 38.337923 39.828330 39.113647 39.850153 40.036746 38.426576 37.296262 37.152957 37.363710
-9999 15.801379 15.697302 15.876331 17.788043 18.750303 21.123717 23.500161 23.722791 24.026677 23.471397 24.249409 24.341477 26.152749 26.398242 27.430151 28.765789 27.666685 27.097821 27.181868 27.489570 25.873296 26.944938 27.566762 27.368067 25.428902 23.804103 22.634521 21.820854 21.457606 22.612686 23.487783 23.602243 23.791914 25.022998 26.157529 25.945971 24.986221 24.851613 25.748137 25.918426 25.765778 27.036130 28.877259 30.602684 30.829944 31.561467 33.017226 36.112406 38.645895 39.017338 39.343072 40.152491 38.848194 39.152435 40.518234 39.327234 37.987799 37.953675 38.434838
-9999 16.848972 16.412727 16.662653 18.921880 18.663732 20.737085 23.166015 23.549068 24.194229 24.169070 25.140994 25.009358 25.177098 26.797899 28.362157 28.646771 28.648954 28.937891 28.268352 27.787445 27.008456 27.890348 27.608514 26.870427 26.049952 24.554883 22.577993 20.462513 21.014200 23.366739 24.014230 24.707121 24.607003 25.935701 26.990039 25.504599 24.330655 24.751877 26.067963 26.196274 26.152995 26.860818 28.705112 31.098233 31.981634 32.957949 33.531366 36.244635 38.624644 39.159029 40.317663 40.899675 39.821619 39.814248 40.313463 40.537190 39.185475 38.549744 38.855101
-9999 16.886722 15.922993 17.618537 18.965346 19.822506 21.390873 23.909072 24.732434 23.962781 24.075446 26.897211 27.117761 27.214161 28.521218 29.088590 29.909167 29.633399 29.690618 28.299877 28.643576 27.380931 27.521429 26.797513 25.123496 24.312618 24.484435 22.666804 21.549350 21.804480 23.156725 23.481220 24.640455 24.710870 25.910441 26.290234 26.268903 25.178590 25.240586 26.466124 27.315898 26.095764 26.371541 28.823112 31.677897 32.922604 34.269833 35.708822 36.836720 38.956831 39.617325 40.317504 41.207322 40.678546 39.676810 40.198308 39.843763 39.207458 39.922745 40.125317
-9999 16.603096 15.743462 17.259641 19.598260 21.519669 23.027828 24.476787 25.553464 25.533999 26.555009 28.622574 29.547197 30.026605 29.620092 30.107387 29.630894 28.966133 27.963882 27.739342 27.910139 26.824809 26.898197 25.413013 24.338406 23.146467 22.719732 22.612648 22.872238 23.996447 24.128305 24.069488 24.937130 25.343107 26.795853 27.110526 27.956273 26.871189 27.206660 27.817872 27.941250 26.984124 27.430929 30.298248 32.107089 33.803806 35.340793 37.028887 36.666487 37.842910 38.590759 39.030983 40.104234 39.875076 39.870937 40.666140 40.674360 40.110687 40.819337 41.331397
-9999 17.178899 17.748746 20.053841 21.705753 23.068221 25.380666 25.437195 26.284821 26.690135 26.869416 28.734502 29.859235 30.122421 29.447975 30.207899 28.847702 28.046288 27.810877 26.823692 26.430286 26.042573 26.164999 25.401698 23.339337 21.760635 20.973238 21.598819 21.865884 23.253599 24.527821 24.663469 24.666193 25.135868 26.431143 27.815996 28.316941 28.146530 29.185739 30.262276 30.444593 29.465104 29.949235 31.664246 33.178737 33.266026 35.435071 35.070167 36.196557 36.966869 36.943427 37.600350 38.731482 40.021805 40.220550 40.409519 41.236524 40.673769 41.075512 42.331138
-9999 16.335432 17.683286 21.200019 23.686983 25.241572 26.592155 26.833829 27.503730 27.534120 27.645801 29.273221 30.250862 30.473548 30.339913 30.820453 28.159850 26.570294 26.316453 25.463818 25.166097 25.424886 25.161660 24.822629 22.875814 21.898118 22.778870 23.809698 23.100214 23.459453 23.871397 24.913823 24.376552 24.319634 25.131580 27.326689 28.135032 28.489453 28.591264 30.124944 30.973495 30.866638 31.246480 31.494373 32.106402 32.592158 34.007948 33.758753 35.820995 36.310612 36.414864 37.167809 38.831122 40.099292 39.453066 39.457692 40.190083 40.397900 41.586293 42.849045
-9999 16.451113 19.342642 21.661463 23.300432 25.656379 27.165945 27.481904 28.209541 27.766282 27.604690 29.155533 29.697004 29.697587 29.864822 30.792230 28.756818 26.155532 25.660387 25.582463 25.371114 23.923084 24.221630 24.703868 24.267145 23.737446 24.813489 25.283443 24.686766 23.772476 24.139541 24.384772 25.196760 25.746222 26.941796 27.349330 27.884397 28.683414 29.218059 30.199337 30.286190 31.175530 31.710096 31.179613 31.054636 31.589490 31.674627 32.889468 35.322619 36.179075 36.107002 37.596171 39.695289 39.707191 39.413831 39.510683 39.902399 40.589433 41.994310 42.275969
-9999 16.895071 18.652225 21.085087 23.354259 24.769021 25.995299 27.214212 28.347923 28.871719 28.225564 28.635902 29.589158 29.537163 30.248071 29.934235 27.545413 26.345885 26.832722 27.238463 26.607448 25.511048 25.461024 25.759751 25.645848 25.238331 25.700487 25.445612 25.009737 24.392303 24.776542 25.023934 25.883464 27.097368 27.569617 27.531382 28.288425 29.826240 30.266525 31.215406 31.350738 32.314548 32.137674 31.481043 31.697561 31.688007 31.412260 31.815159 34.926482 35.751386 35.510996 36.624271 38.106870 38.566816 40.042043 38.676136 39.316941 40.416687 41.679035 42.866231
-9999 18.563211 19.576382 21.154545 23.614316 24.345563 24.874678 25.739527 27.165115 27.841208 28.271562 29.119965 29.913444 29.587795 29.812836 30.078734 27.670035 26.826651 27.632687 28.960192 27.995350 26.538549 26.648581 27.238267 26.680619 26.165695 26.368655 25.245709 24.359365 25.357830 26.090821 25.534887 26.146859 27.112430 26.984500 27.014531 28.051561 29.528845 30.623903 30.771450 30.715325 30.917872 31.429218 31.809222 31.702342 31.791056 32.286965 33.027689 35.201571 35.114559 34.734689 35.339828 37.397864 39.130324 39.611166 38.208308 38.751547 39.015197 39.823613 42.607074
-9999 20.559747 20.794914 21.599582 23.489155 24.019976 24.936458 25.197569 25.913613 27.442049 28.061950 28.281928 28.830868 28.633430 29.427217 29.611737 27.759304 28.283613 28.682772 28.094753 28.206230 28.558063 28.966306 28.591350 27.427450 26.610709 26.076623 25.969204 25.010227 26.366445 27.398579 27.186732 27.587476 27.664800 27.143641 27.363037 29.370868 29.361533 30.604279 31.226316 30.532262 30.890923 31.718119 31.951490 31.262071 31.894253 31.711587 31.764425 33.986481 35.226237 36.118284 36.875097 38.630989 39.767790 40.537584 39.414974 39.044433 39.230158 39.502954 42.225365
-9999 20.911031 21.178838 21.768577 21.938325 22.714450 23.994733 24.892793 24.812370 25.947129 25.881646 25.655186 26.533282 27.621618 29.064776 28.873457 26.872643 27.839280 28.192399 28.168852 28.104266 28.418884 30.103620 29.851221 28.575806 26.926279 26.641790 25.638899 25.495037 26.954795 27.599100 27.467528 27.995116 27.744321 28.170725 28.643477 30.358670 30.314534 30.888495 31.384401 30.711129 31.806015 31.822825 31.970047 30.975559 31.167969 31.016117 31.740778 33.640149 34.621340 36.282494 37.403488 38.986908 41.555169 42.118319 40.159740 39.889141 40.358546 40.729305 42.359490
