test/test_cases/case_05_perlin_100x100/input.asc
ncols        100
nrows        100
xllcorner    0
yllcorner    0
cellsize     1
NODATA_value -9999
[rows 52 to 77 of 100, columns 0 to 59 of 100]
-9999 20.870630 21.286526 20.610354 21.082610 21.812258 22.168077 23.304994 23.096541 23.879176 24.686742 24.537264 25.522419 25.780753 27.753746 29.239137 26.656595 27.434466 28.242035 29.243064 28.125460 27.711233 28.542557 29.403619 28.366614 27.309599 27.584379 27.091320 27.719716 28.819569 28.861359 28.179410 28.631769 28.880206 29.034194 29.262131 30.627148 31.969038 31.813957 31.669074 31.344954 32.504213 31.934186 32.932861 32.840251 31.792929 32.367078 32.796605 34.050295 35.087454 36.773662 38.791180 39.670038 41.954596 42.145968 42.493501 41.396619 40.899797 41.824339 43.466394
-9999 21.019091 21.429576 21.471285 20.919062 20.519727 20.989321 21.561924 22.036774 22.914373 23.683246 23.911650 25.413927 25.428252 26.636424 28.180549 27.425900 27.108082 28.315130 29.095075 28.595139 28.146115 28.987511 30.126491 28.623206 27.619120 27.317845 27.654060 29.469475 29.334546 29.228561 28.704654 29.681172 30.102980 29.197188 29.679319 30.764263 31.934081 32.760827 32.605699 32.535820 32.874855 32.183403 32.361739 32.613083 32.733768 33.038060 32.973706 34.750543 36.868232 37.589593 38.413196 39.771959 41.003478 42.416430 42.464399 42.180155 43.132816 44.463861 45.643593
-9999 24.443704 24.173196 22.551195 22.142196 20.660818 20.894293 21.665461 21.414234 22.353943 22.664847 23.313311 24.845250 24.898478 26.105008 27.770895 27.749243 27.123750 27.607307 28.969439 28.635893 28.152520 29.535433 31.505543 29.677366 29.007118 28.047340 28.050613 29.156659 29.996761 30.046153 29.342259 29.368598 29.421183 29.478440 30.444906 31.548565 32.375453 34.178685 34.556976 33.231671 33.042507 31.629271 31.414282 32.015966 32.822195 33.115885 32.792322 33.878644 36.757012 38.138648 38.034265 39.573346 41.840104 42.795958 42.956956 44.001325 45.634269 45.903364 46.426246
-9999 26.654705 25.036218 22.843818 22.171566 20.381078 20.349068 20.986525 20.831703 20.967275 20.813139 23.059751 24.525528 24.457520 24.971094 26.023608 27.273401 27.536355 27.632770 28.358909 27.592658 28.055338 29.031032 30.369092 30.996746 29.558251 29.355294 28.943488 29.593100 30.191616 30.821437 30.760057 30.217726 30.481987 30.914512 31.454164 32.285066 32.717979 33.476720 34.352864 33.873795 32.374350 30.444649 30.647747 31.952416 32.096803 33.092034 33.005945 33.689346 36.282284 39.394870 40.522532 41.411326 42.230008 43.938822 44.377713 45.039472 45.452516 46.410181 45.628144
-9999 26.352763 24.691409 22.601214 21.830484 20.728033 19.587082 20.030800 20.829367 20.651683 20.647056 22.045962 23.518678 23.551921 23.863586 23.852091 25.047954 27.372026 29.099987 28.467896 27.760638 27.382457 29.062811 30.240675 31.817685 30.806251 30.045153 29.530887 30.573410 30.790111 30.850712 31.173595 31.012229 31.340171 31.606893 31.447937 32.454905 34.078908 33.924661 34.757622 34.564425 32.692788 30.580549 30.683756 31.332379 31.612180 32.178982 32.160976 33.788216 37.360406 40.043417 41.795015 43.388915 44.274155 45.897378 46.314278 45.744985 46.948276 47.725814 45.623816
-9999 24.532640 23.402772 23.037546 22.233159 20.773624 19.176922 18.451553 19.935496 20.302171 20.389055 21.984981 21.916043 22.369621 23.982738 23.176609 23.430242 27.011127 28.805267 28.493376 27.477054 27.467022 28.567282 28.975638 30.657980 30.548717 29.516328 29.308797 30.153740 30.255476 30.096939 30.927334 31.641854 32.207395 32.717451 32.519449 32.903684 34.108267 34.839370 34.344991 34.128595 34.270646 32.597822 31.589963 31.335333 32.238335 30.703399 30.944888 33.678955 36.949695 41.402120 43.275269 44.835743 45.562566 46.204903 47.732533 46.439700 46.681364 47.274459 45.665802
-9999 22.639587 22.841688 23.052649 21.955932 20.616247 18.664026 18.674356 19.289025 19.344234 21.063814 21.923918 21.958403 22.431136 23.190080 22.910305 23.269228 25.861328 27.649916 27.126206 26.262008 27.260128 28.552469 28.607932 29.371288 29.631724 28.683985 29.931388 29.719164 29.059911 29.623716 30.399454 31.026306 31.912730 33.681325 33.105122 32.985377 33.677654 35.231987 34.787795 35.420047 35.066337 33.199960 33.224142 32.984322 32.783850 32.697229 32.277729 34.099899 36.848700 40.405878 43.637536 45.125952 46.161585 47.351129 47.459411 46.636906 46.719501 45.726833 44.521409
-9999 23.555865 23.251595 22.387509 20.799377 19.738511 18.881177 19.307473 19.601426 20.193546 21.535300 21.584803 21.145575 22.317049 22.946484 22.535716 23.319796 24.785204 26.120086 25.907762 25.315754 27.110034 28.255271 28.500935 29.075398 28.896107 29.251945 30.496729 29.656458 28.208443 28.566352 29.587536 30.915698 32.203105 33.742568 33.448905 32.866309 33.117240 34.643653 36.087154 36.575965 36.073175 34.375057 35.033612 34.385891 34.871695 35.276108 33.819730 35.016940 37.588395 40.487223 43.925500 46.170229 48.371878 48.441697 48.735962 48.564931 48.640892 46.468334 45.411859
-9999 22.685603 21.822927 21.163032 19.892188 19.369837 19.149961 18.932235 20.267718 21.469768 20.849467 20.588141 21.164153 22.949095 23.906168 22.377099 22.469244 23.800625 24.204295 24.292850 24.168306 25.385027 27.001940 26.959587 26.834411 26.161352 27.931609 29.702495 28.462336 27.436666 28.554045 29.545976 31.213483 33.712945 33.512250 32.305969 31.569790 32.447332 33.986171 34.181528 35.950022 36.326349 35.095571 35.016610 35.172325 36.811720 36.894461 36.637247 35.799695 38.702231 41.158673 44.285869 46.067424 48.563686 49.431368 49.078740 49.977069 48.811706 47.346174 46.769867
-9999 20.033761 20.016795 19.713379 19.576785 19.605570 19.208559 19.350554 20.685141 20.260099 19.364177 19.574757 19.676822 22.031826 23.654244 21.377347 21.860797 22.537378 22.487242 23.485416 23.170237 24.368879 24.708467 24.524385 23.751678 23.718415 26.219842 28.130274 27.339321 26.991565 28.113482 30.374348 31.925081 33.299198 32.999862 32.404278 31.825818 31.238306 32.497638 33.642458 34.849568 35.070725 34.959648 35.501484 36.176446 38.027629 38.730339 39.110179 37.888421 39.812454 42.232750 43.219836 45.198127 47.563802 48.214316 47.823800 48.646347 48.334543 47.671654 48.168536
-9999 18.913380 20.076943 20.696294 20.471614 20.308923 19.597758 19.813623 20.464323 19.743167 18.687540 19.618593 19.789426 21.835928 21.973855 20.986857 20.452665 21.487458 22.861394 23.684985 22.961701 22.186849 21.968825 21.586399 20.532642 20.385512 23.442101 25.097447 25.681546 27.471081 28.208356 30.866178 31.888380 32.072643 32.127124 31.712818 31.059245 31.027276 31.289122 33.269232 33.705692 34.282624 34.678008 35.921631 37.214916 39.396873 39.805803 40.309031 39.804339 40.995230 42.558103 43.682145 45.653672 46.874900 48.133346 47.713456 46.982524 47.369687 47.321630 48.600367
-9999 19.899965 20.128841 20.322826 20.578089 21.291795 21.470831 20.750114 20.954296 20.425055 20.248605 20.244894 20.553607 21.597764 21.278831 19.521987 19.241570 20.964706 22.035461 22.563457 21.620292 19.832143 20.586603 19.329389 18.614545 18.703780 20.716407 23.054833 24.854121 27.473056 28.311095 29.847569 31.022478 30.605047 30.906059 31.056582 30.620313 31.292897 31.899057 32.600898 32.527290 33.888703 35.785178 37.081966 38.265953 38.548499 39.502710 40.834628 41.814970 42.917048 43.536747 44.782442 45.325529 45.585767 47.088330 46.677067 46.451663 47.010121 46.603927 46.858685
-9999 20.420631 20.147582 18.993187 19.215940 19.539916 21.441178 21.710892 21.680262 20.578365 20.872057 20.407075 19.796311 19.968292 20.446594 18.634080 18.747549 20.326779 20.418977 20.073717 19.096343 17.032604 17.529446 18.299517 18.264735 18.094939 19.361211 22.171698 23.731798 25.776209 26.890141 29.492516 30.655294 31.289143 30.532219 30.694896 31.167768 32.194774 33.092521 33.659545 33.770972 34.258463 35.724764 37.028448 38.354706 38.000590 38.717125 40.155803 41.928438 43.998318 45.323486 46.048847 45.286893 45.371516 47.156501 47.914644 47.450216 47.531602 47.020740 47.136032
-9999 18.709607 18.056030 18.735047 18.186573 18.264643 20.243875 22.378548 22.104340 21.631673 20.328888 20.111735 19.908802 19.767221 20.519261 19.801120 18.992400 19.405636 19.701246 18.078403 17.024888 15.531789 16.366376 17.808633 17.416560 17.864407 18.707877 21.002817 22.353993 24.522537 26.803657 28.902425 30.857387 32.162191 31.601275 31.352134 31.948642 32.440263 32.486884 33.418787 34.835596 34.279323 34.491094 35.795526 37.965310 38.165681 38.248044 39.579358 42.308260 43.875624 46.002002 46.194752 45.693989 46.236718 47.005505 46.774632 47.347225 46.654062 46.926083 47.973764
-9999 16.434597 16.874784 18.397979 18.415120 18.298489 20.584088 22.022166 21.121380 21.461797 21.019157 20.038848 19.668794 19.128820 19.987482 19.269122 18.823468 17.782746 17.733445 17.402460 17.469530 17.442353 17.149244 17.732797 18.034613 17.955014 20.148266 22.198793 23.013702 25.202573 28.042504 29.025784 31.059376 31.718375 32.832469 32.657959 32.431686 33.304665 32.995045 34.218176 33.873654 34.093579 33.996567 34.297855 36.348640 36.912353 37.626609 40.485257 41.741387 44.432496 46.294365 46.461978 47.294476 47.694746 46.725729 45.991732 46.493350 46.623300 47.167667 47.533862
-9999 14.853398 16.516302 18.107138 18.827303 18.739448 19.566156 21.829261 20.955101 21.074904 20.632670 19.632894 19.002240 18.019360 17.398396 17.230037 17.164582 17.286811 17.098207 16.536116 16.528536 17.628092 18.312829 18.200659 18.015875 18.424224 20.215679 22.682061 24.164519 26.429089 28.260727 29.409926 30.536049 30.327146 31.951350 32.381866 31.610834 32.910345 33.423664 32.736708 32.997313 34.375550 34.080179 34.233145 35.025865 36.731129 36.748832 38.823804 40.713763 43.213604 45.417492 46.700827 47.688571 47.984245 47.818055 47.094659 47.109284 45.864380 46.246436 46.919872
-9999 13.987952 15.522831 17.703048 17.995373 18.331283 19.780393 20.096009 19.539909 20.083852 19.631484 18.909832 18.674947 17.557877 17.778750 18.047272 17.033078 17.831994 16.412251 14.616460 14.751187 17.278398 18.808928 19.386002 19.553265 20.217409 22.076168 23.880733 25.100102 27.177065 28.607722 29.667779 30.102555 29.994929 29.895453 30.383674 30.808696 31.320575 32.398185 32.022850 33.397966 34.490486 34.295713 35.093893 36.170429 37.356389 37.533359 38.560065 41.159221 43.176719 43.983830 45.170454 46.303586 47.269334 48.248408 47.948077 46.902617 46.126811 45.350241 45.134615
-9999 13.494551 15.294494 16.149283 16.729371 18.111458 18.008972 18.827801 18.679771 18.360615 19.005000 18.547191 18.408603 17.237173 18.077468 18.478040 18.396419 18.605231 17.028918 15.446712 15.599838 16.915850 18.925852 20.267433 21.481125 21.604751 22.378979 24.309044 26.011942 28.456509 29.258374 30.002190 29.924127 29.780092 29.156903 28.959568 29.197104 29.681354 30.582483 31.874033 33.640427 34.314942 33.740994 35.391727 37.412593 38.212731 38.907708 40.020371 41.175547 41.840698 43.307121 44.892866 45.687244 46.719397 47.782512 48.392383 47.192176 45.652134 44.565244 43.663924
-9999 13.210494 13.947466 14.462570 15.378523 17.211884 17.630441 17.818181 18.823652 18.360461 18.626872 18.115338 17.998771 17.981041 18.183357 18.770466 19.618364 20.327582 19.175916 18.711315 18.445732 17.909389 18.681553 20.071357 21.046097 21.893530 23.825247 25.024723 26.487327 28.311263 28.214105 28.394405 28.723437 28.091834 27.677390 27.221870 27.049851 27.506255 29.117625 31.632121 32.942823 33.113040 33.164175 35.138804 38.165162 39.456858 40.335906 41.152088 41.071047 42.434092 44.482061 46.774172 46.616061 46.721438 46.941703 47.382507 47.865017 46.517880 44.275804 42.487638
-9999 13.274496 13.059260 12.904046 14.491255 16.764305 17.239538 18.258289 18.220593 18.640915 19.321517 19.112131 18.537680 20.004955 20.213750 19.634891 21.796989 22.253721 20.939360 20.403158 20.962805 20.212135 19.112271 19.669031 20.578382 21.541065 23.297883 25.531692 28.633876 29.111546 28.292232 28.173025 27.596133 26.775134 25.848439 24.948489 26.572367 27.501394 27.795449 29.102881 31.096251 31.308242 32.565516 35.181463 37.786393 39.833431 41.631666 41.976745 41.565362 43.062446 45.018040 47.333380 47.806579 48.115054 47.576661 48.139727 47.912127 46.427596 44.365208 42.365205
-9999 11.966870 12.501718 13.170882 14.094869 16.014657 17.314466 18.087207 17.907667 18.729648 19.802315 19.838298 19.537500 19.420476 20.648617 20.596498 22.529038 22.945874 23.153489 22.860482 22.728206 21.369348 19.683450 19.932279 21.056523 21.181729 23.310329 24.818176 28.242433 29.101038 27.726271 26.591868 26.560920 25.983023 24.761277 25.180499 26.515769 26.069870 26.219771 27.716680 29.738925 30.804904 32.522446 35.317807 38.004901 40.127815 41.373260 41.665071 41.527755 42.468312 44.559344 46.601118 47.807872 48.011171 47.004726 46.616434 46.412708 46.012980 43.510521 42.042714
-9999 11.178265 11.047231 12.224837 14.126473 14.483126 17.215728 17.934199 18.573369 18.640409 20.046330 20.775969 19.877022 19.500585 20.868743 21.522074 22.903274 23.965865 24.037874 23.471287 22.410194 21.479763 20.795900 21.248868 21.205557 21.313615 22.246733 23.370102 26.551381 28.331099 27.158565 24.397445 24.518591 24.324325 24.017449 25.009447 25.492105 24.278239 24.570947 26.480837 27.905247 29.343659 31.549650 34.323938 37.253916 38.868558 39.609812 41.083755 41.059785 41.920965 43.063377 44.812319 46.805405 46.317822 44.648449 44.313559 44.411638 45.076046 42.649802 41.846319
-9999 11.077614 11.281669 12.425624 14.477534 14.784821 17.197971 18.993031 20.505106 19.638903 19.680494 19.861104 18.802360 19.001887 21.201367 21.402307 22.632169 24.548136 24.057236 23.143882 21.946779 21.225355 22.790483 22.377911 20.958322 21.310511 21.341813 22.372120 24.503866 26.099816 25.024585 23.571720 24.150548 24.134878 23.275640 23.177339 22.789096 22.445432 24.228233 25.904499 27.726233 29.194104 31.313467 33.461488 35.147104 36.568955 38.011061 39.750075 39.494535 39.771668 40.913015 42.681274 43.703374 43.370694 42.563833 43.429557 43.545976 43.075289 42.908814 42.437334
-9999 12.456575 11.766589 11.691505 13.404441 15.666072 17.927352 19.294119 20.476426 19.757305 19.304982 18.268327 17.312140 18.553623 18.912454 20.263112 22.241845 23.613308 23.509497 23.341948 22.212678 21.701296 22.136083 21.715468 21.588689 21.263142 20.862407 21.024607 23.268780 23.436538 22.436234 21.992067 23.100241 23.334588 22.230360 21.346973 20.804900 21.985924 24.287205 26.131305 28.090792 30.355121 31.679427 32.744767 33.268398 35.232008 37.387653 38.650491 38.667634 38.934684 39.492551 40.194102 41.555604 42.123959 42.037041 42.156288 43.190993 42.887956 42.995662 41.577895
-9999 11.636438 11.797017 12.375643 13.360460 14.742470 17.134937 19.272977 18.752430 18.957550 17.774261 16.838230 17.284751 17.978954 18.793270 20.508915 21.872186 21.860573 21.384681 22.315193 21.874755 22.060713 21.462911 21.227796 21.074728 21.316212 20.926965 21.381917 22.329579 21.817340 20.040589 20.906820 21.671155 22.284711 22.359806 22.121992 21.468105 22.563644 24.026112 25.947213 27.779761 29.913322 31.693493 32.608888 34.110562 36.129036 37.518930 38.303021 38.033634 36.735493 36.998538 38.035258 38.560872 39.542774 41.444364 42.005885 42.396552 42.646856 42.409251 40.222294
-9999 9.906607 11.005353 12.129801 13.400752 13.871989 16.546363 18.411637 18.148637 18.159962 16.807816 16.937006 16.742293 18.451293 19.686690 21.010246 21.820412 21.698128 21.969605 22.489788 22.000020 21.354917 20.629969 20.805622 20.838525 21.073129 20.325826 20.417307 21.430228 20.121452 19.617838 20.005729 20.542573 20.446780 21.500029 22.344052 22.467324 23.811422 23.959042 25.614062 26.792795 28.939500 30.773804 32.676448 34.493831 36.663738 38.275379 37.972489 36.853691 35.479784 35.955030 36.582864 37.185623 38.029547 40.235636 40.274089 40.774498 42.142857 41.297509 40.006674
